
=== Nuova esecuzione (2025-11-25 11:30:01) ===
Array linspace:
[ 0.          0.20408163  0.40816327  0.6122449   0.81632653  1.02040816
  1.2244898   1.42857143  1.63265306  1.83673469  2.04081633  2.24489796
  2.44897959  2.65306122  2.85714286  3.06122449  3.26530612  3.46938776
  3.67346939  3.87755102  4.08163265  4.28571429  4.48979592  4.69387755
  4.89795918  5.10204082  5.30612245  5.51020408  5.71428571  5.91836735
  6.12244898  6.32653061  6.53061224  6.73469388  6.93877551  7.14285714
  7.34693878  7.55102041  7.75510204  7.95918367  8.16326531  8.36734694
  8.57142857  8.7755102   8.97959184  9.18367347  9.3877551   9.59183673
  9.79591837 10.        ]

Array random:
[0.48295473 0.67558991 0.5753765  0.48991282 0.72276556 0.44499837
 0.39162284 0.42276389 0.70003393 0.67696419 0.68981259 0.39006129
 0.88900333 0.25062951 0.76337957 0.97343338 0.66636182 0.25070341
 0.41679142 0.53720435 0.80514976 0.86163403 0.49014629 0.10170259
 0.05533942 0.26753486 0.20160149 0.06203152 0.87514293 0.05397832
 0.56560172 0.09066504 0.12552035 0.36496241 0.93838568 0.7164426
 0.25818744 0.69282538 0.92392336 0.5759891  0.81414569 0.1822914
 0.81663305 0.20009598 0.65232052 0.98140722 0.4932989  0.05607871
 0.59849961 0.38047749]

Array somma:
[ 0.48295473  0.87967155  0.98353977  1.10215772  1.53909209  1.46540654
  1.61611263  1.85133531  2.33268699  2.51369889  2.73062891  2.63495925
  3.33798292  2.90369073  3.62052243  4.03465787  3.93166795  3.72009117
  4.0902608   4.41475537  4.88678241  5.14734831  4.97994221  4.79558014
  4.9532986   5.36957567  5.50772394  5.5722356   6.58942865  5.97234567
  6.6880507   6.41719565  6.65613259  7.09965629  7.87716119  7.85929974
  7.60512622  8.24384578  8.6790254   8.53517277  8.977411    8.54963834
  9.38806162  8.97560619  9.63191236 10.16508069  9.88105401  9.64791545
 10.39441798 10.38047749]

Somma totale: 275.6123762524835
Somma elementi > 5: 205.81089929046917

=== Nuova esecuzione (2025-11-25 11:30:04) ===
Array linspace:
[ 0.          0.20408163  0.40816327  0.6122449   0.81632653  1.02040816
  1.2244898   1.42857143  1.63265306  1.83673469  2.04081633  2.24489796
  2.44897959  2.65306122  2.85714286  3.06122449  3.26530612  3.46938776
  3.67346939  3.87755102  4.08163265  4.28571429  4.48979592  4.69387755
  4.89795918  5.10204082  5.30612245  5.51020408  5.71428571  5.91836735
  6.12244898  6.32653061  6.53061224  6.73469388  6.93877551  7.14285714
  7.34693878  7.55102041  7.75510204  7.95918367  8.16326531  8.36734694
  8.57142857  8.7755102   8.97959184  9.18367347  9.3877551   9.59183673
  9.79591837 10.        ]

Array random:
[0.91944415 0.28402743 0.1484844  0.62165815 0.10649983 0.85474342
 0.79759374 0.6665454  0.58097619 0.08984979 0.80412711 0.58223122
 0.0517721  0.8749524  0.54006043 0.13851378 0.2152906  0.58113789
 0.09069632 0.11633666 0.45138378 0.93834239 0.13048003 0.93646691
 0.51970972 0.16332771 0.9340517  0.24429851 0.02292049 0.644245
 0.96789661 0.5354505  0.91390952 0.72042092 0.37890569 0.98001673
 0.61327791 0.74669966 0.31498944 0.84357578 0.65596753 0.45118696
 0.50446356 0.50666407 0.50574748 0.01958456 0.24160709 0.76557338
 0.94116821 0.60646207]

Array somma:
[ 0.91944415  0.48810906  0.55664766  1.23390305  0.92282636  1.87515158
  2.02208354  2.09511683  2.21362925  1.92658448  2.84494344  2.82712918
  2.50075169  3.52801363  3.39720329  3.19973826  3.48059672  4.05052565
  3.7641657   3.99388768  4.53301643  5.22405667  4.62027595  5.63034446
  5.4176689   5.26536853  6.24017415  5.75450259  5.7372062   6.56261235
  7.09034558  6.86198111  7.44452177  7.4551148   7.3176812   8.12287388
  7.96021669  8.29772007  8.07009148  8.80275946  8.81923284  8.8185339
  9.07589214  9.28217427  9.48533931  9.20325803  9.6293622  10.35741011
 10.73708658 10.60646207]

Somma totale: 276.2637349294691
Somma elementi > 5: 219.2699913416829
